Apples
Mean: 6.114649681528663
Median: 6
Bananas
Mean: 5.840425531914893
Median: 6.0
Strawberries
Mean: 6.077419354838709
Median: 6